YMD,P_mm,E_mm,Q_mm
1998-01-01,113.3,115.5,14.0
1998-02-01,109.2,102.3,27.1
1998-03-01,95.2,107.4,25.8
1998-04-01,29.8,98.8,15.2
1998-05-01,0.1,95.4,4.0
1998-06-01,4.5,84.5,2.1
1998-07-01,0.0,90.2,1.9
1998-08-01,2.0,102.3,1.6
1998-09-01,4.6,112.6,1.5
1998-10-01,82.0,128.9,1.7
1998-11-01,83.5,128.4,3.5
1998-12-01,48.6,126.5,5.7
1999-01-01,116.8,115.5,11.8
1999-02-01,124.1,102.3,22.3
1999-03-01,137.1,107.4,42.7
1999-04-01,82.5,98.8,28.9
1999-05-01,9.3,95.4,11.8
1999-06-01,0.6,84.5,4.0
1999-07-01,0.6,90.2,2.7
1999-08-01,1.0,102.3,1.9
1999-09-01,25.9,112.6,1.6
1999-10-01,54.3,128.9,2.7
1999-11-01,38.8,128.4,2.1
1999-12-01,78.6,126.5,3.4
2000-01-01,153.1,115.5,17.3
2000-02-01,134.1,102.3,42.5
2000-03-01,105.3,107.4,40.9
2000-04-01,13.2,98.8,10.1
2000-05-01,9.0,95.4,5.1
2000-06-01,8.2,84.5,2.8
2000-07-01,3.7,90.2,2.4
2000-08-01,9.5,102.3,2.1
2000-09-01,12.3,112.6,1.9
2000-10-01,101.8,128.9,2.9
2000-11-01,19.6,128.4,2.5
2000-12-01,108.7,126.5,5.5
2001-01-01,196.4,115.5,52.7
2001-02-01,114.3,102.3,43.3
2001-03-01,137.8,107.4,60.9
2001-04-01,34.3,98.8,24.6
2001-05-01,23.0,95.4,10.4
2001-06-01,0.9,84.5,5.2
2001-07-01,6.4,90.2,2.7
2001-08-01,6.1,102.3,1.9
2001-09-01,13.6,112.6,1.8
2001-10-01,53.4,128.9,2.4
2001-11-01,46.4,128.4,2.6
2001-12-01,74.6,126.5,4.2
2002-01-01,123.5,115.5,15.1
2002-02-01,140.8,102.3,39.7
2002-03-01,106.5,107.4,52.9
2002-04-01,86.8,98.8,29.9
2002-05-01,17.4,95.4,13.8
2002-06-01,2.2,84.5,4.5
2002-07-01,19.7,90.2,3.4
2002-08-01,10.4,102.3,2.6
2002-09-01,25.1,112.6,2.4
2002-10-01,104.9,128.9,2.8
2002-11-01,88.6,128.4,11.5
2002-12-01,123.1,126.5,23.6
2003-01-01,175.7,115.5,42.7
2003-02-01,115.8,102.3,43.7
2003-03-01,155.4,107.4,50.4
2003-04-01,44.8,98.8,34.4
2003-05-01,5.5,95.4,9.4
2003-06-01,6.1,84.5,6.3
2003-07-01,0.1,90.2,5.3
2003-08-01,8.8,102.3,4.4
2003-09-01,21.0,112.6,3.4
2003-10-01,32.8,128.9,2.8
2003-11-01,34.9,128.4,2.2
2003-12-01,99.9,126.5,3.8
2004-01-01,237.1,115.5,54.0
2004-02-01,141.6,102.3,49.3
2004-03-01,88.7,107.4,17.9
2004-04-01,48.5,98.8,15.4
2004-05-01,9.0,95.4,9.8
2004-06-01,4.1,84.5,3.7
2004-07-01,5.1,90.2,3.0
2004-08-01,19.1,102.3,2.3
2004-09-01,40.0,112.6,1.9
2004-10-01,20.1,128.9,1.5
2004-11-01,56.8,128.4,1.7
2004-12-01,125.8,126.5,2.0
2005-01-01,75.6,115.5,10.4
2005-02-01,211.9,102.3,40.3
2005-03-01,83.8,107.4,21.6
2005-04-01,34.9,98.8,18.0
2005-05-01,0.7,95.4,9.2
2005-06-01,0.0,84.5,3.1
2005-07-01,0.7,90.2,2.5
2005-08-01,5.4,102.3,2.2
2005-09-01,6.6,112.6,1.1
2005-10-01,76.8,128.9,3.5
2005-11-01,69.3,128.4,3.6
2005-12-01,108.8,126.5,3.8
2006-01-01,183.3,115.5,35.0
2006-02-01,81.0,102.3,26.2
2006-03-01,89.8,107.4,16.8
2006-04-01,51.0,98.8,21.8
2006-05-01,0.4,95.4,7.0
2006-06-01,3.0,84.5,2.8
2006-07-01,0.0,90.2,2.3
2006-08-01,6.5,102.3,1.8
2006-09-01,21.4,112.6,1.4
2006-10-01,51.2,128.9,1.4
2006-11-01,75.6,128.4,5.3
2006-12-01,127.7,126.5,10.7
2007-01-01,110.5,115.5,26.5
2007-02-01,73.8,102.3,17.7
2007-03-01,161.1,107.4,51.7
2007-04-01,67.2,98.8,30.7
2007-05-01,14.2,95.4,12.4
2007-06-01,0.3,84.5,5.5
2007-07-01,3.9,90.2,3.2
2007-08-01,0.5,102.3,2.4
2007-09-01,26.8,112.6,1.9
2007-10-01,21.7,128.9,1.6
2007-11-01,64.5,128.4,1.8
2007-12-01,77.8,126.5,4.1
2008-01-01,155.6,115.5,20.7
2008-02-01,85.1,102.3,26.6
2008-03-01,57.8,107.4,29.6
2008-04-01,8.7,98.8,6.8
2008-05-01,6.6,95.4,4.0
2008-06-01,1.3,84.5,2.2
2008-07-01,0.2,90.2,2.6
2008-08-01,1.8,102.3,2.5
2008-09-01,8.6,112.6,2.1
2008-10-01,49.3,128.9,2.3
2008-11-01,36.7,128.4,2.0
2008-12-01,180.3,126.5,6.3
2009-01-01,101.2,115.5,21.0
2009-02-01,107.7,102.3,18.4
2009-03-01,90.8,107.4,23.0
2009-04-01,40.0,98.8,15.7
2009-05-01,4.9,95.4,6.7
2009-06-01,0.0,84.5,4.0
2009-07-01,1.9,90.2,3.0
2009-08-01,0.2,102.3,2.3
2009-09-01,15.0,112.6,2.6
2009-10-01,24.8,128.9,2.6
2009-11-01,102.2,128.4,2.5
2009-12-01,114.4,126.5,6.8
2010-01-01,163.1,115.5,21.3
2010-02-01,132.3,102.3,24.8
2010-03-01,92.8,107.4,21.8
2010-04-01,48.8,98.8,13.1
2010-05-01,10.4,95.4,3.6
2010-06-01,0.0,84.5,2.2
2010-07-01,0.8,90.2,1.6
2010-08-01,1.2,102.3,1.2
2010-09-01,0.4,112.6,1.2
2010-10-01,29.3,128.9,1.1
2010-11-01,35.0,128.4,0.9
2010-12-01,111.7,126.5,3.7
2011-01-01,107.1,115.5,8.6
2011-02-01,169.3,102.3,31.4
2011-03-01,122.3,107.4,54.4
2011-04-01,57.3,98.8,40.2
2011-05-01,7.1,95.4,12.2
2011-06-01,3.1,84.5,4.3
2011-07-01,7.4,90.2,2.9
2011-08-01,8.5,102.3,1.9
2011-09-01,50.0,112.6,1.7
2011-10-01,48.6,128.9,3.4
2011-11-01,47.3,128.4,2.5
2011-12-01,140.1,126.5,5.7
2012-01-01,147.2,115.5,25.9
2012-02-01,145.0,102.3,52.1
2012-03-01,113.3,107.4,40.8
2012-04-01,67.2,98.8,30.8
2012-05-01,4.4,95.4,12.1
2012-06-01,1.4,84.5,5.1
2012-07-01,0.9,90.2,3.0
2012-08-01,1.3,102.3,2.5
2012-09-01,10.4,112.6,2.1
2012-10-01,23.0,128.9,1.6
2012-11-01,55.0,128.4,1.3
2012-12-01,173.4,126.5,11.8
2013-01-01,172.8,115.5,37.8
2013-02-01,149.7,102.3,54.7
2013-03-01,113.1,107.4,42.2
2013-04-01,31.1,98.8,19.0
2013-05-01,10.3,95.4,10.5
2013-06-01,10.1,84.5,7.5
2013-07-01,4.3,90.2,5.3
2013-08-01,10.8,102.3,3.1
2013-09-01,8.6,112.6,1.8
2013-10-01,64.0,128.9,2.1
2013-11-01,45.4,128.4,5.5
2013-12-01,145.8,126.5,14.6
